1001121458	4528.000000	1002220958	4142.795816	1002010958	4276.000000	1002220958	3753.500000
1003190958	4721.000000	1004291458	4854.957799	1003220958	4812.000000	1004291458	4949.476629
1006211458	4170.000000	1007141058	3916.280969	1006231458	4078.000000	1007141058	3872.132321
1007131058	3907.000000	1007280958	4285.891016	1007141058	4115.000000	1007280958	4268.573549
1007280958	4146.000000	1008250958	4418.685155	1007260958	4235.000000	1008250958	4468.850324
1009130958	4540.000000	1010140958	4160.909091	1009161358	4350.000000	1010140958	4079.307692
1102151458	5183.000000	1103171358	4639.322208	1102210958	4970.000000	1103171358	4562.201274
1103220958	4627.000000	1104191358	4928.119955	1103240958	4760.000000	1104191358	4989.068305
1104191358	4758.000000	1105090958	4959.562500	1104141458	4928.000000	1105090958	4961.208420
1106090958	4876.000000	1107131458	4604.446704	1106140958	4792.000000	1107131458	4553.776853
1106280958	4695.000000	1108090958	4981.328224	1107131458	4895.000000	1108090958	4981.261391
1111021058	3966.000000	1111240958	4195.339763	1110310958	4158.000000	1111240958	4208.682927
1112150958	4100.000000	1202171458	4329.343518	1112121058	4174.000000	1202171458	4379.064144
1202171458	4148.000000	1204251058	4393.018044	1202201058	4184.000000	1204251058	4431.743290
1206041458	4020.000000	1206271458	4209.090909	1206011058	4109.000000	1206271458	4167.265093
1207230958	3652.000000	1208030958	3788.285714	1207251058	3737.000000	1208030958	3818.000000
1208130958	3733.000000	1209101458	3305.950224	1208151358	3646.000000	1209101458	3115.420717
1210230958	3746.000000	1212071058	3522.593527	1210241058	3648.000000	1212071058	3475.085171
1211300958	3464.000000	1301140958	4035.524386	1212100958	3707.000000	1301140958	4084.402482
1301140958	3894.000000	1302271058	4224.317073	1301151458	3999.000000	1302271058	4424.735598
1303140958	3742.000000	1304021358	3965.991132	1303151458	3879.000000	1304021358	3947.882983
1304110958	3888.000000	1305090958	3550.473118	1304021358	3705.000000	1305090958	3491.032160
1305021358	3530.000000	1305171058	3643.363636	1305090958	3672.000000	1305171058	3706.090909
1305131458	3687.000000	1306191458	3380.810504	1305171058	3523.000000	1306191458	3364.390769
1306191458	3529.000000	1307050958	3469.000000	1306210958	3431.000000	1307050958	3391.000000
1307080958	3575.000000	1307310958	3743.043275	1307111458	3700.000000	1307310958	3715.873874
1307310958	3613.000000	1309061458	3826.531963	1307240958	3708.000000	1309061458	3861.296114
1311220958	3610.000000	1312231458	3750.470189	1311261458	3677.000000	1312231458	3795.022713
1312120958	3745.000000	1403051458	3321.172852	1312231458	3603.000000	1403051458	3259.639828
1403240958	3190.000000	1404221358	3503.606218	1403201458	3270.000000	1404221358	3534.905839
1404250958	3296.000000	1406250958	2989.101289	1404281358	3215.000000	1406250958	2958.224860
1406200958	2999.000000	1407241458	3160.692161	1406250958	3085.000000	1407241458	3182.826405
1407241458	3028.000000	1408250958	3109.310484	1407291358	3114.000000	1408250958	3145.307692
1409160958	2833.000000	1410150958	2353.000000	1409100958	2725.000000	1410150958	2449.047478
1410150958	2673.000000	1410300958	2527.203794	1410160958	2603.000000	1410300958	2517.406883
1410300958	2620.000000	1411281458	2435.389178	1410290958	2542.000000	1411281458	2392.973425
1412111358	2602.000000	1412302158	2453.337456	1412181358	2519.000000	1412302158	2423.307087
1502161058	2549.000000	1503032158	2470.086022	1502250958	2476.000000	1503032158	2440.220524
1503032158	2579.000000	1503122158	2428.500000	1503062158	2463.000000	1503122158	2433.133333
1503240958	2574.000000	1504141058	2226.187835	1503202258	2480.000000	1504141058	2228.546056
1509082358	1979.000000	1511092158	1753.191521	1509100958	1939.000000	1511092158	1741.331260
1511092158	1811.000000	1512150958	1631.102939	1511231458	1649.000000	1512150958	1635.538368
1512281058	1721.000000	1601050958	1822.315789	1512252158	1739.000000	1601050958	1872.215573
1601052158	1790.000000	1601192258	1733.080054	1601062158	1766.000000	1601192258	1711.621622
1601140958	1732.000000	1601290958	1884.820290	1601192258	1842.000000	1601290958	1878.656895
1602260058	1898.000000	1603151358	2092.494294	1603072158	2194.000000	1603151358	2204.000000
1603151358	1967.000000	1603241458	2209.678571	1603211358	2210.000000	1603241458	2263.571429
1603241458	2106.000000	1603301358	2276.333333	1603242258	2148.000000	1603301358	2335.216495
1603301358	2092.000000	1604152158	2379.650888	1604112358	2328.000000	1604152158	2617.090909
1605181358	2133.000000	1605272158	1868.038462	1605232158	1917.000000	1605272158	1897.000000
1605272158	2054.000000	1606062258	1899.272727	1605302158	1980.000000	1606062258	1864.454545
1606131458	2188.000000	1606232158	2018.023508	1606151358	2053.000000	1606232158	2038.297342
1607050958	2311.000000	1607191358	2531.388215	1607071358	2455.000000	1607191358	2723.000000
1609190958	2197.000000	1609271458	2322.357143	1609201358	2285.000000	1609271458	2380.818182
1610100958	2210.000000	1610240958	2512.413507	1610122158	2368.000000	1610240958	2564.036033
1612120958	3557.000000	1612280958	2956.244127	1612142158	3304.000000	1612280958	2747.220836
1701161058	3418.000000	1701241058	3227.920000	1701191058	3220.000000	1701241058	3095.636364
1701230958	3144.000000	1702060958	3377.333333	1701241058	3343.000000	1702060958	3394.800000
1702060958	3063.000000	1702240958	3626.148004	1702151358	3446.000000	1702240958	3780.545455
1702271058	3648.000000	1703150958	3397.421756	1702282158	3468.000000	1703150958	3299.619171
1703270958	3003.000000	1704122158	3352.454545	1703292258	3188.000000	1704122158	3499.785714
1704051458	3285.000000	1704211358	2836.730877	1704122158	2879.000000	1704211358	2760.288210
1704201358	2775.000000	1705051358	3141.043956	1704211358	2967.000000	1705051358	3261.691710
1706132158	2931.000000	1706210958	3207.800000	1706062258	2996.000000	1706210958	3217.496617
1706230958	3038.000000	1707210958	3695.917583	1706220958	3122.000000	1707210958	3788.621645
1707271358	3504.000000	1708151358	4074.908567	1708070958	4013.000000	1708151358	4018.700000
1709040958	4177.000000	1710090958	3634.869066	1709221458	3527.000000	1710090958	3524.615385
1710250958	3808.000000	1711030958	3582.444444	1710232258	3704.000000	1711030958	3502.745441
1711012158	3563.000000	1711171458	3883.016262	1711030958	3727.000000	1711171458	3897.758744
1711171458	3621.000000	1712071458	4065.522684	1711230958	3857.000000	1712071458	4220.312883
1712221458	3954.000000	1801021458	3704.000000	1712252158	3775.000000	1801021458	3700.750000
